341,876,924
759,904,194
7,25,24
994,129,696
10,688,-641
149,815,34
-805,955,863
911,441,161
899,931,711
3,4,5
393,-889,665
763,299,346
-561,110,284
215,728,733
597,79,378
144,160,-129
680,29,206
592,422,163
270,476,934
-305,677,915
579,418,757
420,91,24
950,785,3
225,845,284
482,779,330
228,540,20
894,998,647
333,191,368
509,207,225
623,159,851
659,252,956
843,121,585
170,729,973
715,789,944
21,445,811
607,158,72
353,506,478
698,127,830
380,825,146
683,146,321
747,-753,113
179,45,704
930,793,399
973,578,489
896,855,15
-221,516,957
677,560,434
582,599,771
55,368,840
140,265,672
305,333,968
878,907,26
962,213,854
240,289,870
161,508,631
174,754,906
476,960,919
548,553,-614
357,404,459
250,727,845
945,394,797
203,369,609
5,929,144
646,500,845
447,13,202
728,439,608
219,302,315
453,672,895
856,36,485
726,258,865
372,877,564
110,256,292
-732,664,674
347,556,927
773,894,906
51,116,371
-129,798,145
529,275,784
989,711,501
23,987,858
-861,602,753
134,397,462
766,856,162
792,277,474
221,96,-619
365,125,362
298,555,555
878,32,820
414,201,992
999,-926,337
662,774,13
213,324,688
418,826,797
282,214,719
971,456,373
449,685,8
-54,607,84
241,674,768
567,997,620
694,839,704
605,575,473
796,151,338
195,920,419
510,594,481
257,594,551
473,563,510
567,438,925
241,536,800
249,459,637
777,769,979
723,490,886
101,649,141
478,728,926
327,503,849
553,807,284
895,755,99
344,516,98
967,406,184
569,488,99
557,735,758
38,374,209
766,788,898
511,784,820
937,407,974
477,284,485
90,-974,548
31,791,397
-462,848,558
553,765,310
388,433,582
260,985,457
799,284,673
576,904,242
956,684,10
494,765,-92
320,539,369
676,127,154
152,73,965
77,86,991
463,710,479
521,658,649
339,900,286
157,800,160
715,602,215
814,294,578
795,11,50
941,786,708
90,24,939
333,296,643
423,575,742
316,566,224
549,157,502
283,490,583
633,706,288
44,140,780
838,611,542
549,111,880
497,27,296
376,448,891
455,833,739
285,186,168
575,986,69
4,18,187
675,58,222
480,83,500
912,746,753
242,-602,475
979,496,322
328,825,577
-556,689,899
-875,848,800
810,975,-378
730,121,779
957,115,822
141,658,160
794,31,41
800,290,996
654,550,931
768,716,394
842,26,111
880,657,756
53,83,291
538,361,760
701,172,553
644,255,499
70,612,-51
122,951,-948
533,646,248
889,466,623
938,796,447
859,837,610
426,57,166
499,296,924
700,458,325
272,398,127
797,386,36
939,671,632
910,938,414
575,604,27
510,133,735
151,580,302
873,-175,536
285,56,925
959,239,23
476,685,793
563,479,520
269,907,753
1,687,173
184,548,334
881,75,676
158,491,285
119,-185,356
502,117,533
205,259,84
985,506,331
938,178,749
630,378,594
858,-395,590
778,-842,714
726,464,890
250,734,940
387,838,897
-15,178,212
109,701,112
545,724,284
172,893,415
903,727,249
22,195,127
75,831,431
329,892,818
537,105,98
837,701,673
420,11,335
931,768,717
-310,449,903
58,418,75
563,913,600
185,308,301
-265,362,832
137,288,729
87,212,99
800,226,407
973,520,495
799,692,151
764,45,271
666,368,338
969,861,817
942,808,15
858,715,143
401,449,504
196,505,481
112,647,-909
957,967,393
679,556,877
232,601,195
483,70,660
599,916,454
216,306,928
598,740,933
620,369,584
394,878,899
806,287,66
339,754,274
208,115,818
249,736,166
435,615,556
982,651,186
387,617,961
785,563,485
465,112,853
40,339,949
815,649,424
170,275,96
346,289,805
24,489,348
519,418,770
18,925,439
81,773,561
601,24,499
902,883,924
988,253,514
743,406,972
204,841,46
201,815,712
701,483,385
123,748,182
-66,508,279
918,611,581
848,352,195
628,72,68
-436,896,355
934,50,770
820,788,901
11,466,514
597,263,421
613,813,296
324,190,688
527,71,682
952,710,14
713,541,331
374,-635,396
961,585,137
790,466,-147
36,78,97
595,362,429
914,608,406
51,-516,793
775,677,656
298,904,698
878,388,284
103,51,-261
759,754,-529
927,740,920
485,906,807
586,756,627
304,525,222
238,619,814
355,777,80
160,719,-940
468,466,151
275,802,111
421,299,445
2,419,629
111,238,627
439,297,889
513,914,13
842,122,662
768,696,929
209,665,202
427,437,965
510,470,846
847,954,334
445,523,343
910,956,73
919,278,684
181,-314,947
284,976,659
295,23,746
597,705,737
274,832,376
321,826,-528
120,340,372
789,418,5
790,-460,11
898,248,388
380,83,91
771,281,-29
276,497,480
750,378,961
-62,341,59
539,690,673
445,691,985
525,729,881
759,-34,648
198,-572,25
540,968,773
259,401,241
323,835,617
350,941,75
702,905,405
235,891,117
635,310,797
595,-687,75
249,517,280
427,431,506
669,540,100
726,163,805
139,436,685
263,867,821
961,207,423
930,389,548
980,77,767
268,695,854
199,69,574
78,66,642
536,146,96
-417,406,824
-327,535,531
338,883,66
708,745,432
443,309,991
969,753,867
316,110,119
952,360,662
529,633,278
329,318,-502
14,168,170
300,645,997
580,798,844
1,278,262
-590,449,339
64,106,657
447,238,560
26,46,469
188,874,82
87,904,428
788,655,547
161,210,616
971,81,418
49,703,284
922,560,534
96,32,940
804,440,645
335,32,617
923,571,122
900,103,158
886,733,995
601,52,148
729,337,698
676,972,251
735,404,-338
411,199,668
232,502,912
421,537,300
710,440,310
670,715,960
83,307,508
307,61,315
141,528,-32
502,804,661
856,974,529
91,642,897
488,125,906
276,526,443
703,252,50
449,776,792
652,305,409
395,801,260
527,494,321
811,99,969
424,112,988
-311,625,370
18,942,571
80,749,682
26,976,306
473,297,210
317,235,953
162,584,691
877,101,928
116,136,842
331,107,224
831,705,897
631,154,717
320,544,420
131,55,683
593,312,3
856,560,581
671,744,383
13,623,91
133,626,689
362,129,801
116,79,41
470,169,84
985,930,726
715,901,534
52,894,556
482,752,912
628,530,749
260,869,-154
381,157,210
426,775,445
378,-306,271
258,289,-599
438,661,155
595,920,312
324,669,321
421,721,239
859,529,357
778,45,944
414,334,135
745,499,148
581,586,514
609,401,599
745,849,55
766,475,94
924,564,717
-103,563,829
145,533,500
55,325,791
777,-696,81
619,695,737
678,230,110
488,926,779
863,839,809
776,372,133
58,300,770
471,985,711
271,38,95
184,871,571
136,477,816
277,176,460
866,718,360
573,255,273
969,514,610
540,61,955
125,406,403
516,543,624
917,477,920
872,429,807
381,707,986
407,84,576
888,963,62
850,324,911
661,603,502
804,575,553
200,842,515
-215,215,96
-387,808,853
469,547,405
706,188,38
555,341,922
376,-615,792
725,421,99
932,683,774
814,801,938
683,899,823
89,743,339
-214,223,42
733,879,184
44,-387,378
951,312,836
670,258,648
651,656,970
674,535,708
806,158,429
525,788,507
933,784,892
361,805,728
540,499,492
113,274,251
55,311,82
699,962,555
63,826,31
482,86,837
94,821,150
956,270,618
886,971,428
69,157,882
260,257,827
602,939,895
654,118,297
616,270,189
736,207,514
495,124,56
166,723,640
493,684,67
430,670,263
314,94,642
471,873,141
644,35,371
604,290,256
-368,277,171
137,763,448
867,334,711
679,388,164
238,257,542
45,947,218
746,370,-792
554,60,494
577,333,759
679,590,309
398,101,24
644,321,165
389,733,747
644,662,726
128,982,105
455,996,533
103,125,430
92,782,572
28,745,306
309,864,274
680,655,527
622,526,988
-734,718,965
183,917,304
981,427,-589
11,432,163
351,-242,236
799,74,610
138,781,560
53,544,937
592,167,941
847,737,449
554,966,600
49,672,194
785,530,205
616,422,966
612,168,239
512,264,-443
178,876,87
676,122,520
630,584,789
111,854,967
712,870,374
375,485,334
247,61,24
178,703,180
180,339,84
513,394,740
705,991,435
528,456,246
625,536,330
246,647,-396
118,515,254
546,622,827
502,403,364
637,317,943
106,616,918
360,754,497
117,194,474
715,43,-979
687,838,774
977,463,954
764,981,718
954,574,329
92,297,530
989,287,506
873,327,875
516,583,60
828,959,20
852,351,887
934,806,533
117,47,479
508,790,770
487,209,356
466,485,487
585,324,229
999,510,960
620,831,542
294,503,377
430,320,199
231,738,72
33,997,279
517,354,115
724,880,697
391,200,865
18,94,606
979,883,531
890,111,555
150,919,816
938,557,560
662,682,566
437,669,288
953,696,693
311,451,731
789,233,891
490,381,785
970,-360,14
214,949,815
351,284,947
824,753,316
890,154,369
62,593,632
257,494,130
937,569,767
162,463,550
-335,537,177
217,362,94
173,112,179
875,808,942
663,519,701
882,113,771
243,686,650
646,869,671
382,488,785
226,226,211
338,16,342
57,356,92
167,670,348
147,397,772
996,564,536
372,355,929
753,156,228
145,319,894
-220,8,373
588,626,808
185,485,907
478,569,972
409,957,925
261,108,572
687,649,118
899,728,67
930,107,942
579,117,336
348,568,591
502,601,83
549,647,756
526,678,713
383,690,823
544,962,101
272,203,749
990,894,604
274,108,378
668,523,994
965,170,964
455,131,291
606,156,435
797,486,641
84,347,962
581,795,467
494,364,536
223,186,873
605,166,780
703,705,3
900,700,997
623,429,52
339,612,512
437,580,33
74,72,778
651,592,-829
452,822,74
464,749,631
364,377,73
498,443,716
735,847,221
809,348,964
358,74,525
983,391,181
178,-128,316
652,665,35
519,532,617
843,373,627
925,246,423
-681,739,35
244,904,849
524,58,809
205,795,991
77,988,210
928,372,896
290,594,16
875,324,215
33,615,302
334,556,856
303,312,929
990,586,621
40,120,432
406,105,625
495,606,371
486,487,722
479,315,512
724,204,796
73,30,870
541,569,497
37,783,176
452,147,922
704,31,2
496,150,653
417,740,213
388,109,102
824,66,386
659,214,798
-486,556,310
209,878,732
538,960,800
140,23,508
962,9,210
153,259,667
392,717,749
841,315,20
413,566,853
208,76,288
237,408,158
808,858,567
369,907,231
445,174,633
-77,489,582
211,502,950
930,175,-42
-719,551,548
879,27,272
127,952,138
908,61,402
153,805,740
318,929,700
93,426,896
125,934,791
486,977,80
542,202,416
92,587,287
345,177,368
275,472,-371
756,246,774
134,952,888
508,142,240
978,322,522
58,83,307
466,958,776
831,480,57
964,480,657
991,574,28
386,186,274
-281,275,972
168,216,180
397,769,955
181,983,734
763,322,-538
877,791,291
227,560,744
100,256,858
136,249,791
874,269,447
407,125,462
354,674,306
728,631,520
586,277,86
358,839,8
63,267,750
693,610,490
756,947,260
652,943,740
607,880,995
276,345,568
542,29,994
603,692,879
131,35,-353
798,673,633
63,379,830
560,47,607
699,130,466
687,-954,50
11,920,316
769,18,331
414,706,794
563,933,159
18,837,801
605,559,514
444,861,249
118,838,929
242,809,834
475,674,760
256,107,790
135,971,610
702,636,896
504,-981,4
122,837,237
354,534,109
990,738,596
85,473,427
3,344,207
48,678,529
714,739,175
966,79,398
394,308,362
319,647,439
693,91,-243
853,451,845
62,125,551
630,903,903
178,185,869
471,596,719
860,799,710
515,174,541
796,276,964
864,533,307
422,-545,108
665,891,565
554,-11,675
695,612,824
-174,294,44
234,392,576
157,591,882
593,482,451
692,930,264
81,33,20
594,770,-792
74,832,881
389,840,520
692,444,816
672,348,135
431,826,969
983,356,424
171,961,3
879,254,870
508,176,182
646,838,10
281,942,352
894,282,716
654,925,672
547,477,871
283,623,177
788,944,108
382,605,12
903,790,345
-815,260,837
696,917,942
603,26,795
117,431,904
696,942,718
2,573,572
198,949,179
419,479,467
259,183,826
794,261,876
344,407,540
586,29,280
915,90,567
473,880,561
359,990,634
509,60,779
836,344,193
779,260,802
881,977,119
711,939,787
807,584,638
256,745,377
137,98,137
776,299,682
493,948,730
123,26,686
927,346,63
407,648,56
87,290,311
833,492,480
776,316,76
950,372,291
331,900,376
341,868,249
478,233,433
848,301,133
32,929,809
982,-907,114
539,286,166
507,443,205
127,200,858
640,471,902
313,483,955
366,43,702
488,638,322
948,8,313
596,206,-445
606,674,851
-762,74,799
618,826,256
182,312,564
947,689,451
49,823,334
-411,14,513
763,479,882
215,530,921
311,121,200
873,837,201
488,582,781
50,642,685
168,-801,833
879,438,141
306,340,278
65,325,246
711,530,745
965,347,861
-728,156,253
951,551,253
792,116,543
147,587,703
817,827,232
134,-229,769
242,717,37
887,875,278
409,178,49
48,235,998
806,357,551
602,693,387
725,164,476
908,904,994
584,701,3
242,874,361
674,281,691
101,108,504
406,969,946
142,692,610
-850,837,652
721,967,929
269,530,218
173,827,250
400,42,657
489,146,144
381,721,549
14,900,628
480,222,104
258,849,-289
585,592,879
42,645,860
307,515,247
670,156,215
395,136,148
326,980,473
691,41,-163
289,993,809
510,876,474
984,534,831
37,867,381
273,203,245
114,902,386
582,456,862
760,898,59
702,643,527
695,249,333
22,739,782
663,790,263
114,375,868
60,515,429
965,270,433
449,541,690
648,151,517
846,875,248
875,603,265
625,763,508
164,726,168
781,622,605
139,563,503
801,167,676
735,319,671
940,195,793
502,984,499
203,34,782
87,840,258
118,-879,795
778,395,468
924,963,711
857,284,948
65,979,369
461,598,56
493,985,248
761,877,425
656,61,128
888,511,892
167,240,998
722,643,803
306,604,733
184,739,956
990,63,398
646,775,-59
504,156,566
625,801,150
75,571,577
484,608,344
472,731,681
460,162,392
627,604,85
-540,53,614
196,859,234
177,906,609
334,652,923
685,460,402
293,98,295
91,827,795
839,566,984
297,103,878
629,439,337
576,598,929
51,465,369
318,58,241
923,40,151
820,214,824
443,-527,727
90,688,962
585,40,-668
231,228,482
106,557,429
992,614,213
897,639,835
469,782,20
575,851,77
386,935,-637
464,185,861
31,96,893
225,655,643
986,751,859
680,228,692
869,451,631
367,951,393
576,231,434
470,868,282
867,907,701
805,811,704
829,327,955
71,321,434
877,478,259
606,260,66
579,845,247
780,133,437
755,618,506
89,192,172
571,583,872
644,396,-869
727,923,592
259,59,312
653,878,846
232,239,691
442,955,854
147,119,109
1,423,314
830,727,717
265,862,424
761,376,316
89,442,258
231,676,700
159,875,901
768,495,192
916,321,455
616,67,580
92,121,818
797,518,112
884,158,630
673,629,53
175,811,255
411,759,21
735,426,243
624,710,77
877,916,623
555,136,347
438,758,954
874,81,211
906,640,4
782,160,631
743,678,91
210,420,593
749,495,658
-863,208,174
313,449,609
278,932,676
432,853,930
529,418,52
212,42,947
888,518,529
161,939,366
909,833,964
723,825,184
211,433,830
473,762,511
811,710,142
233,817,865
163,624,955
78,814,964
210,61,143
642,160,363
532,716,493
900,323,19
302,148,503
943,494,-959
699,512,338
986,911,-577
50,864,989
136,436,148
174,584,950
561,310,321
270,603,318
598,351,218
561,962,446
409,582,271
-145,352,170
489,603,72
811,2,721
966,236,856
766,-261,300
73,364,441
526,960,299
449,511,565
610,551,336
694,621,795
121,421,926
87,419,659
532,105,110
112,346,865
343,146,643
333,482,523
419,239,216
682,834,862
339,324,853
594,51,335
86,765,333
536,364,393
986,928,834
504,6,521
86,227,187
851,62,12
755,562,835
626,441,637
37,783,631
909,103,414
743,930,266
161,212,50
89,579,488
673,297,179
908,370,967
293,86,343
205,745,643
465,220,615
587,412,900
383,33,569
921,957,827
692,892,104
607,862,32
145,57,135
549,312,733
763,837,-394
558,824,672
466,909,429
271,842,809
420,807,223
634,222,581
576,644,587
690,803,792
544,686,979
773,843,565
807,137,759
375,854,912
548,424,691
77,661,248
135,175,197
379,742,905
400,183,519
96,938,618
503,756,375
795,882,215
277,740,609
771,548,396
292,683,586
152,233,410
621,20,801
260,824,159
488,624,25
298,38,922
-539,595,252
73,541,16
61,222,156
765,89,-927
248,319,109
326,457,836
19,421,601
703,19,711
6,216,520
740,736,170
667,15,336
855,702,105
870,490,362
406,820,646
30,873,430
767,353,985
601,906,644
939,568,-600
548,-39,951
848,942,446
283,771,173
717,955,463
790,612,15
890,311,537
891,264,25
819,73,19
681,790,225
574,804,571
-696,238,810
332,339,770
162,464,781
321,247,259
143,752,975
853,724,418
205,870,480
870,110,99
137,261,720
891,197,589
88,820,21
374,645,796
532,933,478
370,691,232
596,337,573
3,738,540
915,979,615
561,495,616
641,-505,996
-130,469,34
8,193,437
133,272,285
158,852,80
222,482,399
636,864,571
46,640,409
659,974,866
438,273,349
-710,15,851
808,739,191
74,627,22
822,314,351
547,723,808
455,953,118
695,143,676
903,625,371
477,610,157
477,577,741
79,9,504
265,910,876
170,581,137
505,187,303
950,494,83
866,413,330
52,236,812
696,475,907
54,154,841
60,228,953
807,66,307
901,118,600
798,560,16
559,144,999
843,43,760
938,596,806
495,59,358
872,537,47
766,752,374
132,206,-830
897,633,358
937,546,504
951,358,343
386,782,939
858,749,896
106,455,131
297,431,900
497,684,565
883,786,346
929,531,12
228,720,8
656,316,-540
891,712,805
900,947,351
414,369,949
131,658,255
243,317,496
719,-866,68
28,122,657
822,543,347
574,10,954
193,852,108
679,857,433
343,454,370
951,926,548
956,223,761
134,322,392
625,944,422
21,726,329
457,506,-688
452,34,252
-551,64,286
106,9,550
588,149,928
832,407,398
-504,959,978
145,915,222
853,678,948
566,383,935
837,220,249
239,317,64
838,216,264
198,201,861
671,223,146
721,712,522
603,584,480
350,763,714
125,164,792
390,913,678
334,437,584
24,119,904
927,742,816
458,301,696
197,763,772
677,940,728
213,624,921
958,749,331
73,192,18
305,183,426
255,316,228
460,890,994
821,200,226
617,265,198
649,-209,152
438,248,237
801,106,392
630,277,603
651,51,387
842,637,717
508,138,415
179,388,398
106,764,744
333,269,698
834,869,628
638,482,-499
777,732,271
235,96,435
789,508,561
288,252,431
910,270,175
754,355,895
892,148,349
520,690,373
483,535,672
697,619,858
196,234,850
321,501,-180
968,-794,295
415,64,384
345,760,259
998,860,985
355,552,251
287,627,845
820,267,100
89,889,434
687,259,143
493,610,302
632,183,870
274,878,519
747,705,690
53,655,573
464,678,437
528,833,35
967,330,644
908,744,383
290,586,253
749,118,739
948,671,782
161,285,40
795,88,884
630,96,769
-162,552,667
807,977,721
803,380,631
386,864,427
25,268,826
670,320,512
112,678,654
154,565,283
49,20,-930
506,38,206
507,808,832
584,905,940
38,78,535
138,806,187
472,840,507
126,888,8
686,421,7
764,559,957
555,858,842
619,696,832
147,408,288
616,441,246
398,150,736
32,917,921
614,569,754
565,456,199
531,344,652
17,347,263
801,268,292
601,990,451
280,128,350
233,780,-449
546,967,204
398,840,21
234,890,360
36,341,203
462,48,707
734,257,308
370,312,771
174,44,718
483,86,989
626,475,123
654,522,797
134,689,37
723,835,955
723,855,430
532,700,608
529,317,947
314,532,136
755,228,261
795,342,33
847,548,749
329,792,499
721,195,257
-464,177,399
742,717,341
570,979,969
182,4,372
811,161,423
685,995,673
155,769,162
155,263,509
492,974,130
715,145,971
344,650,978
935,366,170
748,219,548
160,548,120
406,798,98
522,176,-56
56,96,654
546,205,119
786,216,774
127,820,453
565,408,11
855,647,525
402,21,820
870,683,930
894,749,530
789,662,843
928,834,684
50,104,783
377,274,268
731,910,666
883,49,767
895,911,807
906,15,498
9,265,145
-596,753,144
323,202,637
550,341,262
308,764,175
470,887,262
448,500,954
615,531,423
939,188,856
339,71,782
557,888,133
707,340,155
65,839,348
638,53,394
14,226,16
-625,765,749
590,664,82
627,797,248
149,211,800
994,758,910
998,379,170
33,727,357
872,398,468
625,346,292
-989,85,799
724,-512,23
338,981,652
782,522,140
-726,304,218
167,242,61
636,140,959
265,889,101
998,931,880
-453,192,271
680,186,605
9,221,501
788,147,152
576,887,779
230,457,310
954,711,214
817,435,25
16,951,866
129,19,652
264,7,862
742,323,840
403,517,736
726,701,7
399,38,518
291,387,826
665,921,858
712,710,578
785,149,964
348,321,271
944,824,258
974,849,10
836,690,608
982,212,796
460,849,696
881,981,693
78,298,507
922,812,20
229,22,811
281,636,81
874,843,505
346,413,792
616,715,363
624,47,664
789,569,692
889,637,331
787,498,50
443,295,55
605,612,962
-182,812,125
244,596,278
964,374,43
190,983,602
190,564,608
608,346,520
17,362,920
579,605,84
418,131,299
704,363,482
861,82,682
748,510,696
133,139,516
360,959,362
43,778,160
6,833,691
106,104,881
511,923,783
327,-822,677
783,260,207
647,385,401
137,-246,693
52,906,794
257,360,623
994,674,980
538,886,631
421,9,652
98,767,350
153,435,199
640,876,458
369,374,645
477,498,403
63,129,973
750,332,898
766,981,856
353,78,735
566,733,57
310,257,388
528,844,803
938,755,729
904,241,888
868,531,620
204,178,463
282,646,531
175,270,-497
885,248,333
891,621,488
354,438,881
668,147,605
880,134,451
932,429,479
487,754,38
370,448,233
529,33,698
60,433,975
771,614,458
823,88,730
104,869,189
55,332,110
435,446,737
647,121,20
762,932,644
931,981,489
159,949,193
816,523,178
738,904,900
33,549,726
870,708,198
336,941,502
338,393,775
788,736,114
987,110,330
996,55,185
89,464,-459
962,976,692
162,61,23
642,534,407
531,923,414
650,84,927
39,873,910
721,449,708
118,629,910
871,732,607
216,317,610
499,820,-937
55,662,301
138,627,852
142,268,891
492,865,-191
147,413,424
995,702,59
310,841,751
78,916,858
858,524,30
85,-330,484
335,749,364
23,105,514
271,325,758
225,955,319
940,66,420
926,532,582
868,775,808
887,330,580
436,789,217
291,327,102
934,399,339
754,158,-176
115,992,297
148,16,692
445,609,205
811,159,172
665,991,127
-899,853,296
593,410,741
317,905,897
324,791,938
466,789,426
529,141,136
126,-741,309
368,482,325
138,31,645
427,644,689
18,-647,784
21,555,681
233,84,383
16,400,35
-33,150,731
815,329,-853
536,808,-254
848,260,967
69,980,316
114,580,490
462,426,575
590,524,-829
826,166,-155
610,441,149
5,896,994
620,973,245
665,911,431
243,998,316
437,741,-652
824,666,520
211,766,485
553,579,445
498,450,851
999,609,381
98,791,351
1,475,926
226,313,260
838,885,839
682,527,709
686,83,4
504,309,597
383,733,55
869,917,227
602,-138,315
771,517,441
963,434,843
657,665,744
695,586,887
451,94,994
183,-716,350
741,303,-268
644,588,551
744,743,570
256,107,982
134,251,580
400,948,609
544,394,687
354,692,451
186,713,990
701,632,293
934,-714,327
537,725,168
773,101,127
222,431,376
22,213,767
330,697,871
616,804,983
586,984,911
828,605,814
170,398,993
39,173,898
477,237,225
491,484,994
296,988,109
196,850,243
90,181,358
812,224,999
432,284,263
931,431,637
594,207,341
208,842,-811
938,272,12
548,331,421
428,299,179
847,854,121
412,465,477
181,936,816
629,350,512
528,609,354
217,23,455
836,776,760
237,65,824
610,340,370
33,937,104
232,404,-299
497,422,286
45,28,53
599,660,821
710,560,92
508,388,397
919,237,426
395,675,238
323,98,231
336,848,366
742,590,663
697,401,155
41,530,687
36,155,273
479,19,554
304,132,867
88,922,780
971,379,945
4,909,561
636,973,350
921,830,100
209,822,418
917,561,103
206,539,88
18,105,848
713,862,876
91,602,555
67,559,176
332,744,713
762,197,969
680,266,884
-426,613,303
-232,561,810
15,296,360
234,328,992
679,723,313
875,514,561
845,741,293
519,744,211
851,5,894
74,335,674
870,132,175
687,904,403
361,373,715
946,693,634
356,686,820
164,631,824
121,64,990
752,391,751
160,509,142
327,934,823
477,735,990
822,319,662
833,813,395
410,747,868
148,919,539
618,221,926
458,892,274
585,697,739
586,151,43
871,286,344
744,786,296
669,838,465
890,418,269
171,804,440
184,239,882
479,468,320
-917,52,933
722,860,431
33,-393,934
152,828,485
409,536,886
25,491,561
478,731,991
144,885,420
-118,60,958
556,461,456
911,537,611
969,645,377
630,14,284
839,933,516
837,143,989
-127,669,847
560,269,687
204,247,936
166,957,682
6,151,546
219,342,865
942,518,374
567,795,348
304,818,926
906,794,848
528,7,559
200,297,163
244,472,267
544,194,192
168,80,818
404,11,687
859,711,902
959,339,622
685,957,527
793,447,594
105,270,986
348,728,624
731,585,690
142,893,514
337,843,469
364,454,614
585,50,948
830,192,261
742,651,849
852,135,535
708,602,87
356,495,77
481,376,90
231,241,905
260,94,604
293,196,23
780,43,973
140,78,138
269,878,138
268,648,976
982,573,557
994,411,494
5,67,276
396,783,258
335,342,289
578,359,672
187,984,378
326,377,908
811,418,811
186,693,170
514,691,132
637,435,324
238,728,888
415,316,497
38,-122,834
469,722,721
425,755,513
518,995,448
650,715,985
652,415,659
188,102,978
590,4,958
806,452,597
-111,77,620
761,259,-51
504,592,864
367,838,458
355,402,321
417,430,798
190,458,467
785,923,869
800,409,847
191,912,218
870,564,991
112,697,864
375,394,779
758,189,-173
815,803,-442
825,429,24
640,776,9
235,750,543
34,297,3
704,200,547
822,220,160
852,685,325
592,114,969
747,284,704
229,589,810
886,429,998
28,272,500
267,851,45
514,61,393
461,372,271
467,732,677
579,673,624
635,177,88
869,196,907
231,-592,272
128,190,-493
249,365,579
35,32,380
632,52,965
184,600,343
335,292,641
777,318,490
244,405,728
209,663,240
165,325,502
597,24,256
595,977,827
982,588,621
653,997,-885
160,370,608
972,84,410
629,624,792
16,544,913
719,828,401
711,682,181
554,524,578
-485,738,320
495,737,630
276,350,680
394,303,-595
146,250,744
313,154,443
192,28,76
727,284,371
181,428,646
480,201,67
966,100,470
629,239,658
730,459,6
660,166,717
830,180,405
165,482,588
891,48,390
632,500,99
673,259,369
692,468,734
853,78,924
297,559,381
345,347,169
936,381,576
479,291,33
477,379,911
246,389,758
32,276,209
651,72,164
441,633,411
858,487,644
102,131,82
-597,131,615
29,842,-700
174,276,674
162,-384,909
673,943,626
881,72,312
722,585,642
592,305,879
288,575,490
251,933,670
777,639,811
800,115,219
608,242,403
-259,229,641
932,973,24
260,379,424
113,829,181
23,112,202
988,589,151
278,421,980
704,60,295
896,416,681
184,734,915
953,40,277
160,997,279
523,226,379
840,28,473
495,326,769
727,746,842
437,185,476
478,226,864
12,227,-797
454,286,589
141,21,41
514,-769,151
724,876,595
500,747,758
605,393,399
835,61,419
160,758,596
995,577,600
258,251,141
162,250,31
784,807,-315
159,302,484
975,790,427
466,819,477
513,828,674
246,625,461
815,829,721
463,381,753
59,943,912
494,747,138
80,95,789
981,930,723
619,166,692
679,308,864
604,898,920
949,191,946
246,578,447
465,470,280
978,-370,355
198,187,-556
765,319,472
930,663,478
699,709,180
101,544,440
104,982,969
838,507,167
256,196,452
550,837,958
852,-353,737
319,798,98
660,1,47
407,313,301
476,525,623
775,486,-210
431,882,647
527,474,481
146,3,857
707,-930,474
840,505,220
600,964,298
54,172,932
598,88,83
511,13,535
656,955,546
932,378,894
775,-332,53
496,435,627
306,370,128
663,533,233
587,821,785
965,322,603
356,693,874
518,32,816
934,217,162
177,754,905
280,984,336
214,703,199
621,733,656
767,-403,888
887,443,600
800,19,72
945,-400,552
631,257,397
532,278,723
279,6,635
4,990,447
400,797,829
261,629,541
557,299,52
134,211,578
426,400,20
926,849,393
816,815,193
980,729,430
959,738,716
15,47,582
914,351,729
8,196,26
650,527,322
702,404,973
958,768,839
310,445,144
570,636,980
737,104,73
172,240,894
642,60,763
587,896,940
626,693,800
388,587,923
774,0,774
429,405,274
595,212,594
774,-232,283
832,301,282
692,899,164
609,675,500
398,934,130
428,360,943
728,27,-611
585,588,891
528,875,867
167,406,807
454,188,5
921,261,54
505,909,942
980,254,91
876,463,102
278,941,627
924,966,91
866,27,588
514,74,412
983,528,639
614,422,467
643,289,534
818,945,552
446,5,219
667,8,207
753,743,801
135,701,197
439,873,349
94,868,120
427,26,983
770,358,254
625,913,102
854,678,881
639,148,249
725,683,-521
765,913,582
235,875,7
957,268,-981
54,291,214
218,381,36
892,584,728
806,394,211
995,87,589
614,752,984
678,702,-79
35,145,411
50,716,184
637,92,952
286,895,689
952,857,497
869,562,994
424,796,289
870,990,341
671,636,455
229,550,496
851,691,111
500,409,457
363,-641,935
356,76,60
135,678,316
92,602,672
900,524,194
812,690,860
172,123,214
534,750,796
412,194,779
608,285,-361
468,31,567
312,804,898
735,599,529
562,-615,726
683,657,138
13,50,337
500,198,932
968,711,604
930,851,-150
165,189,726
-491,946,241
431,564,976
660,788,500
378,975,931
123,745,392
243,81,62
821,289,39
571,517,114
388,975,672
269,418,418
753,310,649
812,428,8
321,249,718
98,762,56
994,554,691
599,930,19
757,570,567
156,7,193
519,531,98
358,621,540
543,520,833
504,484,657
114,134,992
74,107,312
137,331,865
246,577,647
802,648,666
186,484,387
573,12,151
330,834,922
438,15,4
237,646,747
56,957,928
758,650,131
779,504,583
49,415,181
656,500,999
457,796,792
33,766,143
625,933,484
779,82,841
46,469,453
36,953,864
241,67,930
23,286,349
969,654,454
390,136,143
16,522,319
209,74,687
124,912,264
689,889,567
552,189,380
-649,487,409
715,839,429
316,167,702
495,65,314
754,580,546
75,788,837
14,661,555
803,722,934
472,904,957
138,25,284
186,900,575
-280,701,651
925,132,346
628,481,533
965,632,928
955,78,549
690,175,329
866,222,459
935,988,372
716,234,395
69,266,882
125,830,545
221,812,201
858,902,914
292,452,646
781,197,354
151,9,853
18,405,111
315,604,378
855,313,391
201,544,680
571,773,472
562,534,170
-137,126,235
137,345,47
248,140,380
-300,82,447
433,87,929
863,827,15
235,66,284
496,101,400
927,26,402
220,377,123
811,185,791
757,654,33
745,387,740
740,607,364
992,333,-683
906,338,494
229,726,217
807,124,659
617,893,639
484,863,70
837,977,709
528,348,483
964,717,781
643,21,-625
560,764,32
719,800,748
40,94,690
700,738,572
730,685,91
498,36,62
4,660,479
603,223,423
547,322,-164
855,404,896
71,880,869
485,509,880
222,310,865
839,286,75
578,612,248
85,570,988
197,666,681
674,756,274
830,316,512
151,905,832
45,716,764
257,122,859
453,599,372
614,464,-750
163,-418,924
302,419,863
239,433,125
270,621,503
121,462,231
772,882,117
205,377,530
901,909,751
195,325,646
330,357,340
52,68,367
965,352,955
130,830,478
87,999,769
632,399,523
289,262,584
681,78,768
750,273,348
14,469,921
-429,923,317
146,368,122
568,829,741
772,397,433
59,992,622
881,490,991
359,109,479
852,120,885
14,870,705
902,277,832
896,881,554
774,308,662
62,427,652
669,458,960
24,934,289
388,638,693
345,-618,279
996,741,140
414,716,108
71,722,646
572,451,708
26,103,42
938,507,27
553,924,424
654,255,379
777,267,627
208,863,908
735,225,75
801,733,111
388,555,77
427,422,259
752,358,764
294,518,313
850,173,250
900,430,485
761,479,876
324,109,236
72,555,165
596,171,870
145,629,279
233,-230,385
68,-698,35
673,-57,887
342,-584,775
538,565,621
808,591,96
244,662,664
36,697,154
807,325,528
52,653,907
303,613,98
650,973,3
485,977,357
578,546,788
397,71,209
415,445,256
235,400,483
555,736,-392
785,289,6
92,-975,643
56,548,588
221,392,137
453,86,123
823,757,943
761,311,189
160,452,743
-474,286,695
163,568,81
387,553,324
219,702,949
955,60,487
44,912,420
408,268,59
323,-481,944
166,962,1
831,459,287
77,310,566
646,831,719
153,-538,155
138,865,161
537,877,345
293,203,658
741,418,193
416,367,827
320,872,339
671,634,100
759,408,113
297,338,27
959,865,225
59,127,469
848,903,-98
245,606,80
917,505,523
474,752,919
290,583,113
615,894,935
954,385,368
623,17,190
883,578,779
432,775,404
799,441,600
96,755,915
927,710,336
959,-372,634
263,166,-891
547,683,429
950,868,689
265,28,460
779,297,581
904,174,327
478,615,208
582,483,341
426,717,202
959,806,104
903,51,419
643,-408,427
833,756,50
106,264,92
697,795,437
484,341,929
108,248,879
920,362,691
772,820,368
395,834,501
81,93,433
611,716,224
939,942,148
731,137,463
900,850,815
26,726,527
22,527,571
299,364,820
47,935,360
-665,822,384
509,522,663
277,58,178
590,226,543
219,475,506
834,218,763
382,408,924
563,666,7
709,768,586
84,486,933
582,210,711
923,685,367
563,235,53
160,755,646
653,851,838
340,987,389
759,509,-103
210,-150,31
320,18,505
405,126,460
770,618,672
99,791,202
543,166,680
611,879,262
352,274,657
234,837,19
985,408,372
656,395,76
768,329,503
593,-233,94
122,632,810
448,444,51
-38,822,795
979,947,684
431,704,626
309,703,856
-540,469,355
789,33,25
98,297,314
207,-464,331
876,493,899
-989,237,976
582,341,459
87,-355,789
142,554,587
868,544,732
435,570,220
-246,112,796
585,740,934
694,259,39
696,262,573
535,959,406
9,102,43
407,52,32
604,776,215
202,116,966
759,988,446
910,5,716
131,238,814
883,795,750
362,550,596
112,514,522
223,258,306
588,53,766
306,490,507
199,511,522
483,452,229
715,476,939
994,341,363
425,344,928
977,430,922
246,31,963
63,504,789
502,131,567
788,663,233
-53,601,171
577,791,370
480,647,865
217,876,752
66,485,822
674,734,243
637,222,900
811,774,534
100,72,288
421,429,997
489,772,896
970,887,859
93,689,420
282,711,362
894,463,18
157,433,145
979,942,229
26,641,638
31,356,880
-878,361,382
816,382,525
326,395,497
612,633,976
276,900,511
984,372,673
440,914,662
591,527,602
321,283,811
218,950,55
481,443,315
208,709,550
465,691,294
642,141,112
133,153,389
908,873,-773
481,726,239
367,99,630
30,450,655
103,628,445
417,548,165
227,93,260
374,668,-946
104,749,559
927,472,832
522,781,622
286,970,459
699,870,202
19,415,257
612,598,250
61,106,25
481,508,377
560,932,220
149,246,850
324,324,0
472,168,980
445,825,666
451,201,931
877,190,584
868,800,858
103,846,515
887,189,-64
278,690,674
483,1,968
819,4,926
998,472,247
343,750,326
145,551,456
31,755,147
380,869,193
509,959,423
337,548,695
919,164,911
20,322,688
676,125,839
635,998,848
101,302,455
963,488,639
259,56,57
316,567,963
405,803,873
691,721,337
-572,283,852
642,245,484
-382,378,874
820,189,594
595,287,189
281,345,836
427,383,856
865,380,247
473,-588,833
818,527,339
113,394,624
280,157,184
890,263,94
148,600,-91
4,755,852
982,505,-176
182,610,75
286,637,823
534,757,4
185,119,985
-596,699,671
33,157,765
998,362,472
857,704,237
700,401,144
99,794,205
306,380,321
884,161,174
490,671,225
694,171,61
252,821,883
-253,749,120
483,978,360
918,290,971
333,367,21
493,480,-123
757,852,802
782,784,852
727,185,969
517,51,824
789,781,266
915,142,514
603,552,777
813,992,65
980,960,355
916,235,543
382,915,695
858,464,993
373,585,677
36,71,816
987,256,387
-308,450,183
861,8,442
402,383,265
19,695,22
968,118,348
97,531,771
730,831,-288
299,680,505
831,268,143
639,372,482
672,784,130
-93,40,807
11,445,216
691,571,85
447,550,863
190,809,942
122,38,81
516,42,293
775,599,115
675,656,802
481,397,849
927,229,54
944,531,294
198,573,310
638,8,726
683,570,407
175,861,498
792,790,780
645,16,752
768,995,655
140,536,821
739,527,600
-238,760,185
224,417,910
61,951,321
415,18,61
825,758,589
827,311,256
624,91,275
243,852,938
394,587,786
3,157,89
797,926,663
597,33,75
-350,904,20
805,707,463
221,959,40
366,108,169
524,932,96
713,516,16
73,936,314
197,-236,381
740,383,583
38,63,470
685,556,547
403,966,177
604,929,630
368,901,790
787,592,662
796,630,749
816,442,25
207,-369,90
660,150,29
301,222,680
923,800,397
46,20,361
261,218,635
59,344,168
557,658,78
828,650,143
904,474,434
-338,531,995
224,747,555
734,626,935
553,483,31
61,926,813
190,839,529
870,799,134
697,708,266
872,742,867
838,343,915
-608,157,25
606,332,721
557,863,684
684,460,44
739,676,312
354,227,802
837,154,965
82,320,83
409,70,113
225,820,498
446,294,944
19,702,802
778,287,827
140,26,-774
305,157,306
262,37,346
291,111,817
262,69,195
446,513,412
903,535,70
723,728,68
117,189,43
256,947,67
151,403,650
427,-783,286
729,436,429
707,279,779
325,656,186
254,819,663
798,771,103
324,655,219
927,393,149
845,516,31
204,642,766
47,698,548
673,536,822
160,400,162
527,670,832
291,110,537
790,852,322
17,307,696
69,91,268
213,563,688
986,794,103
309,919,467
399,837,746
-54,255,933
200,659,797
777,874,338
186,574,391
621,273,157
768,828,471
567,867,189
655,940,140
825,231,428
437,-195,720
703,837,533
482,986,962
258,732,211
149,671,927
536,229,254
792,841,675
429,461,483
66,353,532
866,448,975
373,359,614
531,63,865
854,-506,717
720,473,708
167,928,994
908,964,82
596,147,65
289,862,568
258,698,281
49,211,380
32,311,972
336,68,794
298,928,246
958,716,88
316,557,360
404,929,710
217,175,429
114,161,305
344,864,517
592,216,693
704,608,-272
43,682,63
323,480,459
4,656,340
48,278,254
208,393,503
342,782,709
833,-650,393
32,399,5
625,260,309
13,547,683
986,407,744
195,676,278
683,655,400
666,177,260
39,96,359
190,331,993
132,639,219
177,701,842
101,273,612
587,640,246
337,773,856
815,524,392
340,906,55
586,904,455
263,437,105
159,295,109
313,291,586
112,702,803
906,945,431
255,760,298
756,892,427
483,127,193
747,390,357
697,449,811
717,140,719
632,501,945
900,445,878
272,530,890
3,820,9
354,901,70
687,177,751
396,366,818
616,328,191
243,-554,716
178,83,806
252,738,5
881,17,560
443,723,679
195,391,953
295,31,628
946,464,479
569,565,183
950,10,894
445,481,259
371,367,460
765,90,9
494,12,611
-299,887,989
341,984,404
2,249,116
253,268,190
545,970,166
683,323,895
130,426,153
732,870,376
683,18,359
655,100,822
621,895,226
865,21,32
19,652,733
251,591,768
798,4,873
85,16,186
349,419,804
23,386,539
874,951,312
742,582,897
791,320,783
183,633,716
502,7,968
920,624,734
-541,10,491
294,347,475
652,338,689
232,103,812
481,158,345
855,349,856
117,987,78
1,311,788
752,358,54
-560,679,471
584,628,365
349,223,-459
720,532,621
334,471,712
310,998,672
474,184,57
221,887,526
19,152,292
666,968,291
638,688,248
365,909,200
984,29,880
621,301,165
991,978,378
761,782,148
892,205,264
757,639,748
52,853,22
53,367,132
906,258,962
-664,939,12
5,11,973
7,407,784
18,299,249
324,951,316
672,379,87
677,706,803
872,714,770
433,607,908
908,899,462
579,783,833
238,676,11
173,636,285
159,974,-791
871,568,739
371,437,134
-295,93,974
452,260,70
610,262,252
567,699,915
663,351,390
553,351,274
815,486,608
458,493,279
253,768,379
711,163,161
374,236,995
722,508,157
725,852,270
849,301,741
734,320,461
359,288,-818
868,393,293
267,125,489
239,932,988
132,662,304
95,924,78
666,340,536
122,963,228
409,769,497
-233,13,883
122,140,857
69,929,693
777,172,392
934,306,710
163,933,455
296,812,738
703,625,80
948,-477,307
194,-343,279
322,485,891
849,559,235
644,18,878
170,5,782
227,663,123
193,338,556
10,540,168
602,40,273
356,892,888
776,699,703
509,6,9
565,930,198
745,535,370
420,653,569
777,112,448
562,133,37
357,67,303
945,174,874
852,527,507
239,138,52
40,536,90
327,867,794
655,658,457
989,93,295
-706,606,288
488,-73,541
224,274,981
558,493,501
825,794,942
636,399,40
62,501,204
239,857,448
881,842,377
940,413,393
525,859,177
703,444,564
789,195,278
925,851,996
191,748,583
293,478,573
296,364,689
30,704,-520
73,303,656
375,622,843
899,778,827
556,932,958
183,690,640
-25,932,737
666,196,121
993,562,-670
799,640,248
209,561,763
333,958,249
453,60,599
347,815,677
836,573,71
202,82,132
520,202,974
57,155,329
156,209,996
418,923,388
872,592,681
844,195,332
501,966,931
820,705,408
546,386,572
493,565,276
684,784,474
376,40,159
-577,906,72
525,673,463
597,775,719
473,561,59
89,124,911
421,591,888
155,6,87
712,524,439
194,37,90
9,606,644
96,465,831
846,237,993
649,352,76
411,309,737
636,602,-167
560,596,210
552,820,368
217,982,1
337,983,392
502,187,590
118,319,225
-399,708,30
110,593,493
379,457,965
657,895,428
504,982,373
342,915,489
433,372,731
927,97,779
546,311,959
721,887,848
765,197,41
517,691,883
115,918,929
880,885,-392
392,714,918
939,941,206
133,871,798
367,957,847
499,977,925
245,-69,815
894,746,21
93,230,506
302,49,949
841,680,194
876,279,507
67,839,158
-237,928,168
817,746,753
921,749,944
195,604,165
229,883,369
497,601,317
805,220,958
339,187,822
83,409,165
482,46,744
190,956,979
839,842,926
107,-496,603
942,151,195
752,12,145
842,886,194
99,49,433
348,478,853
506,970,229
888,149,704
525,36,976
183,326,393
104,417,241
689,974,213
478,62,242
480,659,116
55,290,-189
30,928,784
139,34,185
662,705,318
386,893,446
557,445,424
530,214,658
520,539,715
283,139,728
-416,916,38
733,304,850
594,453,550
116,718,827
140,914,551
297,357,888
336,415,311
907,433,518
35,353,748
1,729,232
124,469,369
901,966,916
211,523,34
372,863,317
267,225,663
973,770,147
439,833,761
989,586,348
212,370,61
514,567,650
521,582,85
843,520,651
899,284,255
197,903,908
709,983,287
729,701,8
856,314,266
483,354,216
794,560,878
713,333,7
223,58,682
383,167,575
264,431,726
182,21,871
964,180,570
599,991,174
235,404,511
623,990,828
777,358,712
758,258,121
770,597,4
783,254,885
360,363,402
63,970,953
238,171,106
610,196,143
757,794,150
190,478,360
974,691,785
528,19,752
886,134,357
61,475,161
-968,119,130
862,820,778
86,108,863
112,656,3
726,714,638
806,763,923
437,267,936
661,560,611
387,383,432
564,745,328
902,544,484
358,500,96
-884,54,547
734,648,652
-738,551,683
691,711,970
679,169,117
249,9,663
818,462,802
990,550,136
607,751,888
378,663,688
177,907,-34
64,365,128
-87,870,689
863,557,854
450,479,960
173,138,410
669,422,220
666,404,833
352,33,740
775,638,202
295,129,408
776,755,315
502,-501,97
756,988,-935
883,480,901
864,981,159
275,907,284
728,523,105
618,411,861
798,648,195
833,36,765
497,23,539
985,794,979
720,278,156
476,-508,381
518,62,293
79,118,671
828,338,484
335,76,151
68,984,765
831,266,62
538,659,368
844,813,443
370,151,969
457,487,271
825,451,914
424,568,337
963,516,419
969,683,167
416,340,809
171,352,320
320,811,566
920,380,423
897,127,164
166,528,88
837,838,771
150,146,213
928,-486,944
587,274,-343
393,789,262
780,89,886
70,810,541
708,51,604
257,95,577
940,490,500
331,259,-208
321,751,4
741,394,42
974,5,222
-599,632,422
932,403,178
726,942,613
606,650,76
127,19,887
65,437,934
274,522,304
-911,403,598
980,477,612
876,676,862
361,22,717
199,447,215
320,722,857
893,772,172
483,344,615
129,153,218
520,860,38
272,909,568
39,683,946
839,244,287
955,871,739
896,210,746
72,246,142
737,717,476
848,831,82
325,461,896
141,317,264
24,235,591
897,37,419
338,575,340
788,313,424
444,119,480
-520,446,412
863,752,323
627,39,933
142,-718,927
389,625,372
758,666,134
901,133,886
865,580,177
196,223,422
485,255,842
562,790,713
68,32,647
547,440,298
85,465,674
311,579,902
470,701,372
716,957,312
762,512,686
267,635,625
102,757,441
106,768,165
491,409,406
280,-784,820
675,773,891
210,28,868
199,178,275
457,100,306
156,883,773
574,180,935
988,362,985
1,905,359
684,304,365
255,651,716
833,990,440
618,472,630
451,478,271
752,510,885
256,885,741
664,-263,133
688,430,939
777,708,552
180,41,372
451,169,215
212,123,65
411,76,784
624,446,81
15,127,-335
927,697,395
655,997,620
967,429,59
705,323,424
412,774,959
378,631,710
648,911,79
761,426,945
-633,18,735
527,640,1
536,796,467
109,937,447
124,186,872
89,801,263
13,471,786
414,410,8
280,852,802
520,207,16
993,945,630
42,226,344
224,557,439
325,519,96
947,214,894
644,225,961
543,188,119
169,333,543
94,855,815
406,867,872
189,647,906
458,73,359
231,433,610
876,173,531
908,427,806
601,27,193
743,810,716
384,490,993
838,828,486
863,-562,833
131,56,795
169,16,876
832,608,887
461,921,70
184,687,669
443,973,164
898,639,817
688,60,920
-79,63,613
528,362,61
608,-392,758
966,768,453
128,980,981
806,296,221
787,983,630
943,932,969
682,475,525
136,810,690
830,165,510
974,258,695
201,-489,163
251,739,569
778,836,340
596,201,520
602,526,855
927,816,760
448,687,903
582,357,504
659,843,920
491,731,139
918,473,159
354,768,700
620,948,892
923,950,261
331,585,621
278,524,652
153,346,974
741,226,596
623,539,281
10,871,105
166,883,22
877,706,54
608,355,719
52,71,653
15,260,936
905,986,808
373,640,457
168,695,429
463,558,500
858,228,864
148,652,700
657,700,297
-727,492,862
249,246,85
-876,980,976
644,758,34
913,567,218
394,338,475
142,290,384
815,516,446
351,731,970
134,323,653
681,929,27
768,346,809
965,125,331
429,255,890
250,424,336
944,271,732
176,801,620
218,271,604
907,958,736
94,907,817
520,54,958
956,914,674
725,-938,421
532,228,-375
866,466,758
8,645,291
-103,399,504
849,165,976
879,717,771
920,105,130
775,487,390
190,-181,297
186,632,11
874,704,26
576,459,510
199,389,917
145,292,989
950,171,489
410,620,686
718,136,867
731,202,364
951,564,919
261,858,385
213,129,652
-601,685,961
155,159,661
827,867,414
634,467,383
213,135,847
562,431,-846
319,206,88
617,339,119
733,649,92
498,170,978
171,279,174
837,225,146
914,73,449
669,374,1
903,707,264
84,156,487
439,105,923
677,344,449
87,289,-634
801,624,301
378,-918,394
212,487,175
736,695,202
259,509,737
574,986,420
931,666,318
630,558,978
677,937,220
399,278,126
290,969,893
567,280,829
337,854,699
965,656,323
612,282,-171
503,838,290
67,656,577
84,29,780
538,227,750
748,81,136
-553,186,916
138,530,509
512,279,904
685,484,-751
133,734,949
819,360,9
77,145,824
603,882,744
295,673,819
973,356,439
735,116,180
855,599,221
796,874,90
162,799,724
960,763,251
16,89,976
668,20,62
937,635,774
775,185,436
267,368,24
676,21,246
456,302,733
474,612,950
218,849,789
645,593,153
514,492,-945
332,538,473
-63,743,201
913,189,104
-689,612,34
729,763,580
641,859,763
921,-234,620
86,811,850
791,669,-859
813,974,136
747,741,364
464,63,493
696,304,270
320,828,750
576,515,269
581,95,95
792,704,642
923,952,37
391,502,28
403,111,871
179,-91,37
907,205,309
932,307,660
375,618,194
304,495,808
750,703,-208
302,736,169
32,307,-918
868,-18,734
643,933,741
733,657,287
568,340,18
916,97,880
798,382,412
131,394,57
620,245,606
75,673,289
58,986,962
965,887,518
635,403,485
44,492,392
681,891,851
292,170,163
915,517,345
104,671,675
645,237,55
592,425,346
124,705,874
674,406,832
200,359,49
527,2,462
321,478,278
724,446,44
889,361,427
315,517,221
612,479,594
955,247,712
333,576,686
69,661,300
527,691,792
38,-323,689
777,569,247
932,-803,897
121,293,769
820,201,587
561,637,18
814,777,495
945,7,713
492,18,209
468,409,205
673,148,471
891,791,444
37,853,529
789,660,-428
179,123,230
598,734,458
327,469,98
138,445,606
373,107,328
978,196,278
298,634,287
534,184,958
694,171,662
361,664,931
855,761,822
646,449,786
306,471,676
261,90,738
662,391,220
436,661,215
969,942,116
517,370,859
995,731,737
599,840,591
378,734,665
149,534,774
721,647,494
463,30,77
286,941,93
358,284,609
811,5,375
752,307,381
686,551,263
207,743,381
462,255,812
130,424,109
254,430,440
960,493,968
348,43,373
527,554,576
748,31,30
684,990,147
223,965,935
903,969,413
475,458,948
680,245,-820
797,408,154
89,86,606
446,898,844
811,725,933
207,336,211
370,835,608
580,649,191
324,728,567
525,487,638
442,778,924
84,431,247
176,67,916
188,715,241
565,286,782
244,118,892
873,968,393
169,726,210
672,638,730
423,340,16
822,643,96
177,306,153
853,975,51
55,531,20
121,468,473
168,394,380
821,676,738
286,404,862
731,315,904
529,467,600
37,127,-774
414,840,497
-999,795,166
417,562,618
753,301,89
820,677,165
204,556,783
225,905,859
349,431,206
784,508,285
813,310,879
331,969,678
926,126,92
875,344,471
49,519,1
819,760,900
674,244,524
382,111,850
401,791,673
583,364,107
578,235,363
152,308,522
326,611,463
746,67,960
25,578,285
427,33,274
615,571,641
917,-686,330
43,711,906
5,907,835
21,367,969
-723,7,991
236,455,678
617,380,856
964,784,284
364,973,821
-449,56,145
979,37,411
548,863,465
748,424,981
447,251,800
866,225,484
960,678,844
20,23,316
208,923,39
804,929,515
990,691,890
57,352,72
607,68,565
512,382,139
292,733,123
346,343,505
719,44,463
181,645,254
331,-768,936
450,961,996
737,852,-523
758,28,9
-43,707,338
310,-361,599
629,648,816
64,875,797
560,756,93
681,880,429
601,705,186
769,32,745
589,963,946
275,200,28
882,564,631
393,550,558
738,274,626
526,46,683
388,315,611
812,437,161
478,296,708
41,300,716
717,917,612
816,548,321
915,390,834
979,617,21
670,855,867
240,997,622
-270,323,963
762,254,940
883,164,46
35,278,248
548,-493,522
312,724,732
485,907,124
41,203,666
594,438,440
485,450,242
884,58,819
13,902,793
100,747,773
532,302,90
506,49,751
47,711,765
764,602,935
488,372,950
259,327,487
445,297,173
131,615,300
756,539,737
465,254,725
71,264,696
376,896,122
387,317,776
296,708,369
134,235,580
770,553,475
879,432,821
354,433,77
60,853,286
849,960,638
968,190,804
563,486,55
760,887,417
24,244,658
869,101,696
324,222,326
136,824,300
759,797,155
971,764,84
828,955,127
740,279,143
265,914,629
193,802,916
685,622,437
125,151,897
402,111,437
590,329,368
296,889,506
681,730,384
813,508,546
795,996,901
418,258,702
271,-268,678
98,739,938
267,362,34
591,288,851
725,442,663
803,318,205
26,607,495
442,858,387
940,618,497
201,14,695
268,932,177
272,112,284
535,166,805
393,651,468
985,497,909
686,944,707
642,475,490
722,818,-545
-434,714,411
948,292,451
405,411,450
-896,630,844
440,356,858
491,633,667
341,470,33
195,-97,871
822,296,429
572,211,487
63,324,557
37,707,946
362,703,306
897,403,759
926,803,340
209,430,875
-314,456,500
52,554,926
87,-716,581
629,596,1
318,323,632
654,814,807
284,434,674
711,180,556
848,242,973
435,315,300
952,142,194
816,774,218
683,86,673
741,332,299
230,434,680
525,168,797
463,399,656
632,334,313
696,958,853
793,102,388
465,424,143
346,971,75
456,108,281
44,555,652
557,690,867
173,637,107
570,507,458
609,979,433
11,987,889
810,659,735
926,362,972
861,922,-633
135,685,266
489,499,50
519,770,402
104,214,362
84,42,210
867,123,944
297,40,850
706,633,119
447,654,450
243,70,487
913,383,610
954,641,103
882,139,600
146,204,289
941,556,700
697,949,988
273,997,160
968,235,963
-190,379,561
655,617,748
206,36,167
98,295,637
908,185,879
842,351,629
220,243,699
633,707,804
23,414,928
996,577,574
458,576,206
298,927,913
191,450,659
618,520,356
44,367,123
594,944,326
154,49,315
235,112,-417
776,712,705
533,835,600
500,799,144
717,294,393
870,236,749
571,746,45
364,327,336
969,904,706
666,30,926
618,428,957
647,519,356
647,645,53
420,752,971
437,644,-878
355,532,752
60,576,486
89,94,407
498,21,441
8,522,392
706,507,910
120,124,26
664,214,712
782,915,368
189,103,206
795,421,212
140,572,893
-493,603,469
94,255,451
932,109,377
633,564,865
435,852,664
719,383,864
514,444,261
152,740,466
453,-809,20
832,261,650
789,210,36
332,71,557
929,665,827
281,535,808
593,670,97
706,127,148
488,426,141
50,494,325
434,432,72
486,-527,998
465,775,719
175,413,208
118,916,426
674,251,499
803,103,486
397,671,401
100,156,324
198,316,406
249,41,416
323,755,483
765,691,894
121,195,39
805,720,272
821,385,423
90,389,652
122,867,23
711,546,954
958,437,423
514,689,576
689,655,810
219,958,916
442,393,382
181,300,354
282,375,789
345,976,23
864,962,53
741,650,861
-306,143,662
340,443,878
593,781,311
27,9,688
880,548,837
20,815,699
968,30,888
426,130,891
511,381,470
44,761,486
872,552,869
467,910,679
32,864,995
611,331,314
434,-547,629
339,211,23
863,338,769
413,894,662
961,306,376
13,641,-694
2,848,709
303,297,60
-943,138,888
119,585,168
37,-533,124
482,836,919
805,97,351
405,786,866
36,145,400
185,563,579
879,604,922
559,15,731
542,447,386
555,528,171
406,446,118
814,588,250
482,938,165
234,721,882
716,668,853
31,221,12
113,187,82
-800,163,280
989,898,823
760,379,675
956,263,6
324,359,488
414,159,597
222,838,175
688,966,752
426,338,216
85,134,755
657,400,490
620,583,508
279,761,70
399,872,479
252,506,-864
951,-297,607
669,489,100
740,484,318
200,845,431
468,646,259
285,280,552
8,315,842
546,893,422
142,477,263
534,775,206
120,586,540
691,168,211
755,192,337
-937,372,725
186,526,117
102,667,439
205,176,556
691,951,2
5,954,871
404,454,65
684,803,369
742,906,26
610,215,195
888,701,156
474,-847,451
423,768,650
760,854,114
618,264,196
783,255,575
279,598,80
369,246,695
581,498,-113
916,175,222
421,613,334
848,829,367
75,318,676
885,585,103
641,958,864
40,59,137
398,350,740
235,122,76
554,547,99
880,117,370
608,942,511
955,358,311
330,969,461
337,185,452
104,643,-246
619,53,585
475,822,549
481,735,538
907,430,797
712,728,678
325,768,99
335,369,302
458,258,315
60,300,968
888,968,659
243,901,709
728,408,452
101,612,361
640,992,905
863,174,510
466,545,701
957,997,36
907,614,907
420,221,334
632,814,879
595,666,894
141,604,473
104,304,8
259,605,52
603,250,236
515,699,455
970,446,193
491,347,999
111,209,652
132,209,-201
139,460,243
894,363,208
203,213,729
322,616,118
155,908,339
813,26,142
428,361,228
-354,69,800
438,626,-301
78,780,328
993,604,545
765,-43,698
559,446,84
23,422,-201
29,882,600
812,745,415
838,838,851
466,297,864
56,334,370
31,34,676
106,350,453
32,411,255
614,386,545
825,900,541
180,818,329
733,384,393
278,864,187
222,250,33
892,834,-866
172,629,77
582,266,21
950,514,627
486,174,454
16,652,455
50,54,120
137,798,958
475,306,722
576,826,603
199,78,180
646,935,999
287,844,472
65,-425,508
8,172,904
862,74,50
261,712,417
973,653,113
846,300,980
380,-587,677
431,22,333
246,177,731
790,391,937
56,73,720
335,-898,6
555,460,857
754,263,-303
57,578,112
-444,212,437
519,514,-25
111,18,769
714,884,23
814,265,759
152,331,295
453,131,677
-149,244,22
381,922,763
709,785,119
799,207,36
615,107,326
698,588,800
276,586,318
323,107,788
445,-115,346
291,937,418
446,-214,754
222,333,629
671,290,480
418,27,743
576,407,666
275,943,542
643,406,359
196,86,883
193,149,765
247,301,589
812,990,247
786,490,528
675,180,80
642,853,119
917,557,798
831,690,929
482,619,54
297,961,302
553,-413,842
934,662,925
528,997,324
928,855,918
-918,972,558
135,58,691
211,349,-893
960,799,1249
-266,11,712
972,670,613
435,854,804
933,668,541
833,427,863
528,777,921
755,925,950
190,522,987
711,318,445
565,579,687
428,974,924
394,946,344
425,92,426
870,889,403
287,560,365
700,264,65
56,696,768
807,146,976
199,169,744
254,823,848
493,129,6
693,937,260
997,484,45
186,353,454
747,85,7
356,17,406
677,943,173
-798,566,290
560,569,860
390,599,186
777,256,323
478,133,285
306,904,-900
71,242,661
177,874,688
683,-12,409
312,386,703
792,960,-819
54,111,-204
260,610,190
411,228,-22
153,25,374
850,502,624
999,839,394
8,902,988
870,373,621
778,86,365
271,325,409
781,146,249
942,956,793
813,242,500
438,131,202
427,974,320
815,541,694
46,133,343
977,666,350
288,37,730
606,528,514
705,839,265
968,433,822
876,276,719
429,759,345
818,812,138
865,364,429
-487,94,194
504,-202,154
38,661,156
446,236,830
628,590,653
43,801,935
975,769,403
517,748,181
293,196,-440
138,597,181
55,588,535
-215,515,126
12,514,627
-889,15,592
188,401,582
172,169,466
557,287,914
90,78,200
-459,969,688
419,724,835
52,911,-535
803,236,824
897,89,895
664,179,781
70,606,153
0,585,585
723,331,969
880,284,75
306,100,152
343,519,365
143,579,624
758,306,826
690,807,342
732,948,73
688,641,812
371,857,478
318,154,864
510,362,673
456,427,646
117,-608,194
539,907,504
888,15,474
2,357,798
195,539,660
365,871,292
190,136,797
11,580,414
350,852,842
892,77,979
634,880,382
221,466,511
711,801,605
900,699,510
677,162,967
859,824,612
201,424,757
627,159,95
914,274,647
143,537,88
534,695,919
880,847,50
334,498,421
790,937,739
70,345,128
33,3,783
580,12,436
313,357,622
445,703,664
61,724,13
221,25,736
768,645,493
978,884,263
559,225,812
487,-551,596
946,442,849
662,274,988
33,310,303
742,668,337
177,677,290
299,597,250
403,527,526
564,227,731
-485,709,806
290,23,381
504,416,181
899,278,286
427,435,604
105,418,590
483,759,987
793,639,173
328,949,952
738,651,389
943,506,-669
944,859,629
818,438,553
268,944,523
387,354,971
921,703,24
785,265,543
109,490,782
436,778,812
689,101,501
700,926,339
699,282,415
759,110,388
136,720,13
111,981,528
383,874,990
538,116,220
278,490,321
369,249,322
83,146,509
84,486,616
401,664,782
203,340,692
367,57,705
485,315,398
196,552,105
628,352,184
633,906,143
223,637,253
55,66,656
384,804,48
79,958,313
887,243,261
977,786,852
79,707,635
262,-380,689
176,729,-986
598,390,408
72,859,499
95,860,932
291,384,903
104,710,516
604,851,464
607,849,578
453,300,413
942,742,440
562,323,-613
283,662,412
508,461,-486
361,435,173
476,684,777
218,885,414
263,931,942
124,162,662
427,619,685
253,633,728
384,25,965
80,607,356
185,273,74
940,475,946
659,729,811
613,340,250
70,729,559
126,183,655
580,47,217
615,345,27
956,564,143
98,919,26
748,161,64
70,649,475
991,354,3
662,604,630
212,299,474
792,155,961
15,488,111
22,-275,157
170,286,758
346,425,777
17,146,458
826,412,419
724,425,567
923,947,932
943,798,398
342,847,44
909,770,468
41,680,217
422,62,38
303,600,443
359,704,842
766,-837,837
431,683,0
989,550,799
928,463,473
556,-889,557
568,95,936
286,590,656
883,272,922
92,693,831
608,147,330
26,125,188
668,161,949
277,234,914
104,718,812
977,355,811
601,743,304
107,110,926
81,935,538
703,285,189
611,567,840
657,926,287
759,13,621
-963,459,481
366,462,562
422,181,666
704,54,636
880,216,83
103,76,70
25,848,-216
234,782,51
297,264,869
119,-601,943
684,61,865
194,284,968
92,79,696
686,301,785
260,589,641
640,778,259
641,500,94
927,440,-80
246,797,967
960,758,754
630,245,11
241,158,218
720,681,3
419,379,437
108,701,983
331,125,278
224,122,-511
821,135,711
514,422,605
306,754,174
857,604,115
640,765,319
259,490,987
639,-461,75
597,892,564
72,836,88
363,555,822
605,189,247
27,17,137
982,370,855
764,416,501
237,396,656
583,443,765
143,854,-448
574,429,601
554,692,637
613,-639,383
991,804,682
242,818,688
429,150,101
302,614,519
810,652,989
612,105,262
781,669,781
133,793,554
716,489,222
353,792,597
87,983,112
214,-380,535
662,895,446
763,333,895
938,114,41
341,683,334
56,323,472
799,35,686
716,282,313
992,426,326
401,773,167
760,606,175
966,87,515
357,369,511
558,175,571
934,659,764
559,993,20
181,-76,484
944,468,142
987,947,292
623,77,479
174,197,962
477,746,790
503,163,480
902,663,103
705,145,966
705,357,691
460,215,412
805,723,966
270,906,993
674,550,120
412,706,-989
284,659,-885
431,538,890
425,725,219
444,681,492
3,884,-184
876,363,822
999,223,127
233,569,317
421,198,653
278,933,704
2,120,276
820,561,6
295,218,888
86,927,189
958,229,179
891,364,801
790,974,241
552,975,827
606,826,272
585,144,-156
415,789,999
347,644,227
353,543,653
666,605,370
309,29,755
632,166,308
-806,350,529
635,318,42
942,907,413
-707,807,341
315,372,816
72,431,327
685,933,424
706,34,158
10,-210,353
460,732,256
611,227,420
702,64,455
311,927,516
600,587,518
-79,382,606
662,456,515
-962,439,571
127,48,493
439,969,903
902,799,55
273,190,428
63,-565,749
243,374,108
253,484,494
505,916,784
930,707,754
969,557,933
32,387,713
179,460,247
367,485,83
910,965,770
246,838,19
180,893,238
205,479,371
190,287,414
854,36,982
273,388,985
606,383,455
780,277,812
764,608,430
594,411,593
877,-376,95
444,334,765
696,361,756
376,972,477
-673,347,907
905,494,659
416,415,510
900,199,859
391,832,901
906,851,878
467,692,550
-707,255,796
651,605,181
596,973,930
504,409,567
85,310,177
719,-623,71
276,281,204
871,676,696
655,797,141
819,661,73
540,419,730
238,308,473
340,953,19
139,603,310
622,203,442
584,381,625
408,343,705
605,195,111
192,947,973
498,340,522
760,782,174
69,920,106
774,233,940
793,221,298
481,267,479
-690,585,700
163,59,710
249,562,7
204,9,711
12,748,717
440,521,106
383,890,248
490,588,1
875,978,462
259,355,627
677,60,814
861,40,162
462,17,812
123,935,225
541,300,593
519,275,453
212,580,260
862,494,198
906,709,229
857,550,328
-515,747,23
17,625,536
443,621,468
776,350,675
855,668,321
976,784,-146
672,254,696
389,164,510
204,454,655
577,916,247
103,244,972
895,506,733
488,13,937
538,958,-693
546,506,567
379,637,81
946,317,496
30,24,625
162,145,694
718,3,17
630,588,562
491,810,274
291,295,184
216,19,474
793,481,732
90,337,-470
282,574,267
689,311,4
561,945,679
313,680,769
933,726,634
154,141,840
367,575,882
276,901,504
310,303,592
172,228,286
690,701,908
819,587,967
422,-141,828
392,95,89
41,175,479
613,390,666
153,533,147
558,345,169
927,692,783
415,430,162
847,855,573
590,332,514
630,852,494
206,719,249
175,-114,450
288,706,900
27,2,234
520,221,957
675,972,994
259,687,112
961,749,391
46,486,958
406,27,698
968,218,621
509,309,-342
582,958,602
222,641,262
388,767,303
101,913,125
967,531,441
695,115,296
515,111,281
33,388,118
142,393,632
803,981,812
134,259,60
286,194,989
946,134,121
855,956,139
929,115,446
28,280,155
647,412,443
959,336,248
621,273,117
725,957,513
193,171,780
948,933,309
313,430,383
758,470,928
12,40,568
615,152,175
73,210,564
218,306,632
152,243,90
436,173,714
127,571,356
6,788,474
147,578,592
617,752,720
500,591,946
899,212,-378
853,219,749
865,659,998
452,98,196
298,32,518
971,205,990
260,539,190
556,192,262
419,147,869
563,395,-519
397,705,955
107,686,372
270,827,376
618,129,879
804,284,901
441,347,789
791,759,246
647,447,822
524,392,503
775,15,327
93,448,699
833,493,650
949,294,386
68,888,309
940,407,245
464,366,991
725,578,821
868,193,131
318,212,691
814,698,8
112,348,920
19,81,865
418,355,283
842,-791,488
40,680,571
-426,503,860
612,86,334
655,822,591
5,700,698
649,223,91
463,403,367
512,274,388
104,681,50
571,509,609
682,625,143
571,367,362
508,732,884
582,178,370
301,318,23
162,25,532
371,544,383
95,540,234
23,996,647
869,491,185
460,594,559
926,320,181
824,895,-789
785,182,879
824,177,673
730,166,377
139,-79,538
52,518,904
347,111,85
321,988,542
926,431,456
643,985,435
591,983,523
404,623,155
727,8,275
840,332,884
350,99,310
894,39,333
211,682,30
505,-852,384
626,630,224
634,165,338
878,356,308
932,944,809
867,72,210
728,553,426
299,373,555
244,83,-341
695,966,406
116,262,714
271,217,957
580,382,632
436,293,981
985,683,349
980,595,497
84,937,106
796,676,473
982,438,-797
228,-875,763
34,915,818
529,948,754
695,455,475
640,783,314
975,240,755
430,642,-600
239,215,80
33,781,894
-989,475,7
705,911,-812
351,514,17
921,909,15
-403,329,892
152,734,600
730,757,-112
841,23,674
489,344,353
526,345,54
597,299,950
901,71,657
628,78,803
754,923,458
760,615,273
393,314,615
899,98,639
318,303,573
33,901,406
848,32,162
481,568,299
871,410,462
132,625,830
501,234,-505
-615,525,565
